//************************************************
// Raetsel
//************************************************
Dimension 3,3,3
Teil 1:   2 1 0 0 4 0
Teil 2:   0 3 0 1 2 1
Teil 3:   0 1 3 3 1 4
Teil 4:   0 4 0 0 2 1
Teil 5:   0 3 2 0 1 2
Teil 6:   0 0 2 1 1 3
Teil 7:   2 0 1 2 0 4
Teil 8:   1 0 1 4 0 0
Teil 9:   0 2 0 1 2 3
Teil 10:  1 0 3 3 0 0
Teil 11:  2 4 2 0 0 0
Teil 12:  1 1 0 2 4 1
Teil 13:  4 0 4 3 2 2
Teil 14:  1 0 0 3 1 3
Teil 15:  3 4 4 4 4 0
Teil 16:  4 4 0 3 2 0
Teil 17:  2 4 2 0 0 0
Teil 18:  0 0 3 3 4 1
Teil 19:  0 2 0 1 2 2
Teil 20:  0 0 2 4 3 3
Teil 21:  0 2 0 4 2 2
Teil 22:  2 2 0 0 1 0
Teil 23:  1 0 4 3 2 3
Teil 24:  4 0 3 2 4 2
Teil 25:  4 1 2 1 4 1
Teil 26:  0 3 0 4 1 4
Teil 27:  0 0 0 3 2 4