//************************************************
// Raetsel
//************************************************
Dimension 3,3,3
Teil 1:   1 2 0 3 4 4
Teil 2:   0 1 4 3 0 1
Teil 3:   2 4 1 3 3 1
Teil 4:   1 4 2 0 0 0
Teil 5:   3 0 1 4 2 4
Teil 6:   3 0 1 1 0 2
Teil 7:   4 3 3 0 0 0
Teil 8:   2 4 0 3 1 3
Teil 9:   4 3 1 0 0 0
Teil 10:  3 0 1 2 0 0
Teil 11:  2 0 4 2 4 4
Teil 12:  0 2 0 0 2 2
Teil 13:  0 1 3 3 0 1
Teil 14:  2 2 4 1 0 0
Teil 15:  4 4 0 3 2 4
Teil 16:  1 2 0 1 1 1
Teil 17:  1 0 0 3 2 2
Teil 18:  2 0 4 3 0 3
Teil 19:  1 4 4 3 0 0
Teil 20:  0 4 3 0 4 1
Teil 21:  2 2 0 0 2 0
Teil 22:  3 0 0 4 1 0
Teil 23:  0 0 3 4 0 3
Teil 24:  2 0 1 4 0 4
Teil 25:  0 4 0 2 3 2
Teil 26:  0 0 3 3 3 2
Teil 27:  4 3 1 0 0 1