//************************
// Beispiel 5
//************************ 
Dimension 5,5,1
[5,5,1] Teil 24:  0 1 0 0 1 0
[4,5,1] Teil 7:   0 4 2 0 3 0
[3,5,1] Teil 11:  0 2 4 0 2 0
[2,5,1] Teil 2:   0 1 1 0 4 0
[1,5,1] Teil 13:  0 4 3 0 0 0
[5,4,1] Teil 25:  0 3 0 2 3 0
[4,4,1] Teil 4:   0 4 4 3 1 0
[3,4,1] Teil 9:   0 1 2 1 2 0
[2,4,1] Teil 12:  0 1 1 2 3 0
[1,4,1] Teil 17:  0 1 4 3 0 0
[5,3,1] Teil 23:  0 4 0 4 3 0
[4,3,1] Teil 8:   0 1 4 3 2 0
[3,3,1] Teil 10:  0 1 1 2 1 0
[2,3,1] Teil 3:   0 1 2 2 2 0
[1,3,1] Teil 21:  0 2 1 2 0 0
[5,2,1] Teil 16:  0 1 0 3 3 0
[4,2,1] Teil 22:  0 1 4 2 4 0
[3,2,1] Teil 18:  0 4 3 2 4 0
[2,2,1] Teil 5:   0 1 3 2 1 0
[1,2,1] Teil 19:  0 4 2 1 0 0
[5,1,1] Teil 20:  0 0 0 2 1 0
[4,1,1] Teil 15:  0 0 2 2 1 0
[3,1,1] Teil 14:  0 0 2 3 3 0
[2,1,1] Teil 1:   0 0 4 2 4 0
[1,1,1] Teil 6:   0 0 3 3 0 0
