//************************************************
// Raetsel
//************************************************
Dimension 5,5,5
Teil 1:    1 1 4 0 1 1
Teil 2:    3 4 3 3 4 2
Teil 3:    1 4 3 2 1 2
Teil 4:    0 3 4 4 1 2
Teil 5:    1 4 0 0 3 1
Teil 6:    4 2 1 0 2 2
Teil 7:    0 1 4 1 1 1
Teil 8:    0 2 3 1 3 3
Teil 9:    1 3 3 0 0 1
Teil 10:   0 3 2 2 1 1
Teil 11:   2 4 1 4 2 4
Teil 12:   2 0 2 4 0 2
Teil 13:   3 2 1 3 2 1
Teil 14:   4 0 4 2 3 0
Teil 15:   2 4 1 3 4 1
Teil 16:   3 1 0 0 3 2
Teil 17:   1 0 4 1 4 0
Teil 18:   1 1 3 0 1 0
Teil 19:   4 3 2 4 4 2
Teil 20:   4 1 2 4 3 1
Teil 21:   3 4 4 4 3 4
Teil 22:   1 1 1 1 1 4
Teil 23:   4 0 0 2 3 1
Teil 24:   4 2 4 0 4 2
Teil 25:   1 0 4 3 2 0
Teil 26:   1 0 2 3 1 0
Teil 27:   2 0 0 2 2 2
Teil 28:   0 4 3 2 4 4
Teil 29:   1 2 2 4 3 2
Teil 30:   1 1 1 2 0 2
Teil 31:   1 3 3 3 4 1
Teil 32:   0 1 0 0 4 4
Teil 33:   4 4 3 3 3 0
Teil 34:   0 4 4 4 4 1
Teil 35:   1 4 3 2 3 0
Teil 36:   4 3 0 1 1 3
Teil 37:   3 4 1 1 4 2
Teil 38:   1 0 0 4 4 2
Teil 39:   2 3 0 2 3 0
Teil 40:   4 1 1 4 1 2
Teil 41:   4 0 3 3 4 3
Teil 42:   4 1 4 0 0 4
Teil 43:   3 2 2 0 0 2
Teil 44:   1 2 3 0 4 3
Teil 45:   3 0 1 3 2 4
Teil 46:   0 2 0 1 4 4
Teil 47:   3 2 3 3 3 4
Teil 48:   2 3 1 1 2 3
Teil 49:   1 4 3 1 3 0
Teil 50:   0 4 3 0 0 1
Teil 51:   4 3 0 1 4 3
Teil 52:   3 1 3 2 2 0
Teil 53:   2 1 1 3 3 0
Teil 54:   2 0 3 2 3 3
Teil 55:   4 0 1 4 0 3
Teil 56:   3 4 1 0 1 3
Teil 57:   1 2 2 4 3 0
Teil 58:   3 2 3 4 0 3
Teil 59:   1 0 4 1 0 0
Teil 60:   2 2 2 0 1 1
Teil 61:   4 2 4 3 3 3
Teil 62:   3 3 3 0 4 2
Teil 63:   0 3 1 2 0 3
Teil 64:   4 1 1 2 2 0
Teil 65:   3 2 3 0 0 1
Teil 66:   0 1 4 2 3 3
Teil 67:   0 0 3 3 3 3
Teil 68:   3 3 1 3 2 0
Teil 69:   1 0 4 2 2 3
Teil 70:   2 1 0 4 4 3
Teil 71:   0 3 2 0 1 1
Teil 72:   3 1 4 1 3 4
Teil 73:   2 1 3 0 2 1
Teil 74:   3 3 0 1 4 0
Teil 75:   1 1 1 0 4 0
Teil 76:   0 2 2 0 2 4
Teil 77:   2 0 0 2 3 0
Teil 78:   1 2 0 0 4 0
Teil 79:   3 4 2 1 4 1
Teil 80:   1 3 2 0 1 1
Teil 81:   2 1 0 3 4 3
Teil 82:   3 0 3 4 1 1
Teil 83:   4 1 0 0 1 4
Teil 84:   4 4 1 3 3 3
Teil 85:   3 1 3 3 1 2
Teil 86:   4 1 1 2 3 0
Teil 87:   0 1 2 0 0 4
Teil 88:   4 2 4 1 0 1
Teil 89:   3 4 3 3 1 4
Teil 90:   2 4 4 1 3 3
Teil 91:   4 1 2 0 3 3
Teil 92:   0 1 1 1 1 4
Teil 93:   3 4 0 2 3 3
Teil 94:   4 2 4 3 0 4
Teil 95:   0 4 1 0 0 4
Teil 96:   0 1 4 4 2 2
Teil 97:   4 2 4 1 0 0
Teil 98:   4 2 0 3 1 0
Teil 99:   1 0 3 4 4 4
Teil 100:  3 4 0 0 2 4
Teil 101:  3 0 0 1 3 3
Teil 102:  4 0 1 4 4 4
Teil 103:  2 4 2 3 4 0
Teil 104:  0 3 4 2 2 4
Teil 105:  1 3 2 4 0 4
Teil 106:  1 1 3 3 1 4
Teil 107:  4 0 1 1 4 4
Teil 108:  4 0 1 2 4 3
Teil 109:  3 1 1 4 0 1
Teil 110:  0 0 1 2 0 3
Teil 111:  2 0 0 4 4 3
Teil 112:  3 1 4 0 1 2
Teil 113:  3 4 1 3 0 0
Teil 114:  1 2 1 1 1 4
Teil 115:  2 4 2 4 4 2
Teil 116:  3 2 3 0 4 1
Teil 117:  3 1 1 4 1 1
Teil 118:  3 1 0 1 4 3
Teil 119:  0 4 3 0 1 3
Teil 120:  0 1 0 3 3 3
Teil 121:  4 0 0 3 3 1
Teil 122:  0 0 2 4 1 2
Teil 123:  1 3 4 3 2 4
Teil 124:  0 3 4 4 0 4
Teil 125:  3 1 1 1 0 1