//************************************************
// Raetsel
//************************************************
Dimension 4,4,4
Teil 1:   0 0 1 3 3 1
Teil 2:   2 1 0 2 1 2
Teil 3:   0 4 2 1 1 1
Teil 4:   1 0 2 4 0 2
Teil 5:   3 2 4 4 1 2
Teil 6:   0 2 1 2 4 3
Teil 7:   0 4 1 0 2 3
Teil 8:   0 1 2 3 2 4
Teil 9:   3 4 2 4 4 2
Teil 10:  0 2 0 0 3 1
Teil 11:  0 4 4 1 3 2
Teil 12:  0 0 0 3 1 1
Teil 13:  0 0 4 2 3 3
Teil 14:  0 3 1 4 4 2
Teil 15:  2 4 0 0 3 0
Teil 16:  2 0 4 4 2 4
Teil 17:  3 4 4 4 3 2
Teil 18:  4 4 3 1 4 0
Teil 19:  0 3 4 1 1 1
Teil 20:  4 0 2 1 3 1
Teil 21:  1 0 2 3 4 0
Teil 22:  3 2 0 0 2 0
Teil 23:  2 0 0 2 4 0
Teil 24:  0 0 4 2 1 2
Teil 25:  1 1 3 4 3 2
Teil 26:  0 3 0 4 1 2
Teil 27:  1 1 4 2 1 1
Teil 28:  2 0 0 3 2 0
Teil 29:  2 0 0 1 3 1
Teil 30:  4 3 3 3 4 3
Teil 31:  4 2 0 2 2 4
Teil 32:  4 4 0 0 1 1
Teil 33:  0 3 1 0 0 2
Teil 34:  0 2 0 2 1 4
Teil 35:  2 4 4 0 0 3
Teil 36:  4 2 3 0 0 3
Teil 37:  3 3 4 0 3 0
Teil 38:  1 3 4 3 4 2
Teil 39:  0 3 4 4 0 4
Teil 40:  0 0 4 3 0 2
Teil 41:  4 4 4 3 3 1
Teil 42:  0 1 3 0 2 2
Teil 43:  1 4 0 1 4 4
Teil 44:  2 0 2 3 1 4
Teil 45:  4 1 4 4 0 0
Teil 46:  0 2 1 1 2 2
Teil 47:  2 0 4 4 3 2
Teil 48:  0 3 1 0 2 3
Teil 49:  0 4 0 2 3 4
Teil 50:  1 2 4 3 4 0
Teil 51:  1 0 0 3 3 2
Teil 52:  0 4 0 1 4 4
Teil 53:  0 3 4 0 4 2
Teil 54:  0 1 4 0 3 1
Teil 55:  4 2 1 4 3 0
Teil 56:  4 1 2 0 1 2
Teil 57:  0 2 4 4 3 3
Teil 58:  2 3 2 0 4 3
Teil 59:  0 4 3 2 4 2
Teil 60:  4 4 4 4 0 2
Teil 61:  0 1 1 3 2 4
Teil 62:  4 0 0 3 1 1
Teil 63:  0 0 3 1 2 2
Teil 64:  2 4 3 0 2 1