//************************************************
// Raetsel
//************************************************
Dimension 3,3,3
[0,0,0] Teil 17: [1, 0, 3, 3, 0, 0]
[0,0,1] Teil 9: [1, 0, 2, 3, 0, 4]
[0,0,2] Teil 10: [0, 0, 4, 2, 0, 4]
[0,1,0] Teil 5: [3, 4, 3, 3, 0, 0]
[0,1,1] Teil 23: [2, 4, 3, 2, 0, 2]
[0,1,2] Teil 7: [0, 1, 2, 3, 0, 3]
[0,2,0] Teil 11: [2, 4, 2, 0, 0, 0]
[0,2,1] Teil 19: [2, 1, 3, 0, 0, 3]
[0,2,2] Teil 27: [0, 4, 4, 0, 0, 3]
[1,0,0] Teil 2: [1, 0, 4, 3, 4, 0]
[1,0,1] Teil 12: [2, 0, 2, 4, 1, 4]
[1,0,2] Teil 20: [0, 0, 2, 4, 3, 3]
[1,1,0] Teil 15: [2, 4, 4, 4, 4, 0]
[1,1,1] Teil 25: [1, 3, 2, 4, 4, 3]
[1,1,2] Teil 24: [0, 3, 3, 4, 1, 4]
[1,2,0] Teil 26: [1, 3, 2, 0, 1, 0]
[1,2,1] Teil 13: [2, 3, 2, 0, 4, 4]
[1,2,2] Teil 18: [0, 3, 4, 0, 3, 3]
[2,0,0] Teil 1: [2, 0, 0, 3, 3, 0]
[2,0,1] Teil 14: [1, 0, 0, 3, 1, 3]
[2,0,2] Teil 22: [0, 0, 0, 2, 1, 4]
[2,1,0] Teil 6: [2, 4, 0, 3, 3, 0]
[2,1,1] Teil 3: [3, 4, 0, 4, 1, 3]
[2,1,2] Teil 16: [0, 1, 0, 2, 4, 2]
[2,2,0] Teil 8: [3, 4, 0, 0, 1, 0]
[2,2,1] Teil 21: [2, 3, 0, 0, 1, 2]
[2,2,2] Teil 4: [0, 1, 0, 0, 3, 3]
